# Created by Octave 3.8.2, Fri Feb 17 16:31:28 2017 MSK <root@raidix12>
# name: y
# type: uint32 matrix
# ndims: 2
 1 6400
 32924
 32846
 32768
 32502
 32764
 32896
 32926
 33028
 32476
 32724
 32624
 33090
 32830
 33012
 32932
 32902
 33032
 32968
 33146
 32942
 32964
 33004
 32584
 32674
 32636
 33228
 33158
 32392
 32862
 32416
 33310
 32370
 33038
 33044
 33140
 33182
 32818
 33208
 32580
 32556
 32798
 32808
 32670
 32440
 32954
 32790
 32878
 33166
 32822
 33002
 32870
 33222
 32990
 32738
 32784
 32930
 32986
 33028
 32512
 33104
 32778
 32924
 33438
 32576
 32260
 32720
 32960
 33192
 32808
 32642
 32834
 33194
 32818
 33096
 33104
 32510
 33264
 32882
 33038
 33014
 32900
 33062
 32972
 32794
 32644
 32878
 33008
 33152
 32840
 32914
 33000
 32664
 32740
 32740
 32416
 32948
 32604
 32884
 32868
 32950
 32728
 32736
 33180
 33110
 33354
 33082
 32866
 33074
 33244
 32708
 32640
 32706
 33390
 33000
 32460
 32964
 32930
 33064
 33072
 32504
 33208
 32494
 32808
 32624
 32612
 32662
 32830
 32800
 33030
 32992
 32890
 33168
 32706
 32922
 33036
 33052
 33058
 32928
 32716
 32946
 32774
 32768
 32718
 33094
 32726
 32576
 32670
 32616
 32598
 32682
 32944
 32556
 33254
 32872
 33046
 32676
 32922
 33106
 32916
 32936
 33062
 33006
 32860
 32774
 32952
 32628
 32936
 32924
 32772
 33118
 32704
 32614
 33148
 32590
 33014
 33312
 33402
 32896
 33638
 32886
 32796
 33002
 33352
 32958
 32616
 32966
 33212
 32642
 32552
 32914
 33084
 32938
 33000
 33000
 33434
 32956
 33116
 32710
 33120
 33118
 33632
 33056
 32642
 33306
 32772
 33048
 33062
 32830
 32858
 33492
 32776
 32902
 33104
 33160
 33146
 32908
 33024
 33242
 33132
 33124
 33252
 32468
 32986
 32936
 32666
 33008
 32916
 32542
 32870
 33104
 33266
 32944
 32514
 32740
 33220
 33146
 32550
 33290
 33280
 32816
 33056
 33328
 32676
 32716
 32690
 32826
 33132
 33230
 33138
 32982
 33172
 33302
 33136
 32790
 33104
 32954
 32960
 32832
 33068
 32698
 33074
 32728
 33258
 32878
 32760
 33126
 32642
 32950
 32518
 32964
 32760
 32986
 32928
 32790
 32876
 32984
 32928
 32608
 32658
 33140
 32964
 32492
 33008
 32612
 33146
 32672
 33082
 32990
 33096
 33198
 32982
 33196
 33080
 32780
 33068
 32368
 32882
 33120
 32782
 32642
 33052
 32574
 32748
 32842
 32256
 32842
 32330
 33244
 33028
 32998
 33214
 33038
 32756
 32830
 32896
 32844
 32546
 32786
 33202
 32988
 33046
 32934
 32828
 32886
 32766
 32846
 32576
 32626
 32768
 32740
 33204
 32784
 32890
 32688
 32692
 33150
 32788
 32760
 33092
 32806
 32364
 33086
 33046
 32730
 32704
 32480
 32354
 32948
 32920
 32942
 32544
 33398
 32750
 33390
 32604
 32766
 32506
 33446
 32544
 32766
 32886
 32986
 32820
 32850
 32976
 33084
 32946
 32654
 32962
 32834
 32486
 33102
 32866
 33258
 32870
 33230
 33302
 32590
 32986
 32824
 32932
 33446
 32948
 32686
 33012
 32740
 33040
 32546
 32776
 32668
 32710
 33064
 32808
 33080
 32764
 32848
 32812
 32758
 32558
 32836
 32918
 33060
 32334
 33096
 32838
 33400
 32990
 33004
 32966
 32670
 32538
 32412
 32970
 32980
 33116
 32968
 32718
 32734
 32746
 32808
 32602
 33320
 33056
 33044
 33118
 32934
 32714
 32670
 32812
 32848
 32632
 32772
 32910
 32600
 32724
 33088
 32860
 33020
 32938
 32774
 32688
 33182
 32646
 32780
 32906
 32616
 32864
 32672
 33052
 32944
 33156
 32740
 32742
 33030
 32886
 32434
 32722
 32542
 32424
 32968
 32772
 32612
 33070
 32884
 32750
 32732
 32684
 32814
 32736
 32626
 33312
 32970
 32892
 32706
 33026
 32888
 32994
 32852
 33294
 32980
 32862
 33156
 32480
 32774
 33118
 33306
 32740
 32826
 33246
 32674
 32920
 32872
 32696
 32622
 32764
 32862
 33636
 32720
 32756
 32610
 33094
 32780
 33474
 32972
 32808
 33238
 32802
 33356
 33132
 32836
 33070
 32622
 32590
 32902
 33186
 33138
 32828
 33018
 33030
 32918
 32374
 32968
 33240
 32618
 32498
 33158
 33022
 32718
 33070
 33032
 32744
 32752
 32660
 32988
 32704
 32670
 33018
 32794
 32974
 33424
 32680
 33070
 33170
 33028
 32636
 33032
 33028
 32930
 33052
 33184
 32790
 32644
 32634
 33064
 33030
 32768
 33152
 32742
 33292
 33232
 32980
 32896
 33152
 32986
 32846
 32766
 32518
 33302
 32914
 32900
 32824
 32862
 33196
 32636
 32766
 32778
 32724
 33510
 33288
 32894
 33284
 32934
 32698
 32920
 32858
 32846
 32916
 33028
 33278
 33086
 32654
 32984
 32892
 32768
 33112
 33002
 32742
 32730
 33202
 32998
 32352
 33014
 32560
 32826
 32816
 32516
 32844
 33144
 32864
 32408
 32462
 32972
 32678
 33350
 33020
 32868
 33222
 33200
 32628
 32666
 32832
 32774
 33042
 32372
 32780
 32770
 32970
 32668
 33104
 32670
 32990
 32942
 32998
 32924
 33184
 32988
 32792
 33028
 32732
 33002
 32966
 32836
 32962
 32560
 32638
 33066
 32874
 33004
 33056
 32986
 32990
 32976
 32924
 32646
 32724
 32740
 33380
 32812
 32734
 33010
 33090
 33108
 32902
 32918
 32980
 32622
 32962
 32854
 33120
 32814
 32558
 32610
 32680
 33090
 32974
 32922
 32796
 32518
 32784
 32608
 32652
 32626
 32680
 32834
 32932
 32610
 32760
 32886
 32808
 33280
 32906
 32370
 32796
 32622
 33010
 33200
 32892
 33290
 33030
 32924
 32802
 33230
 32764
 33044
 32924
 32648
 32856
 33156
 33046
 32640
 33054
 32998
 33088
 32798
 32464
 32822
 32974
 32900
 33214
 32608
 32384
 33166
 32864
 32550
 32860
 32854
 32704
 33294
 32882
 33310
 33264
 33046
 32744
 32982
 33330
 32940
 32920
 33314
 32724
 33204
 32640
 32656
 32986
 32706
 32778
 33278
 33038
 33148
 33070
 32824
 33086
 33150
 33034
 32992
 32720
 32678
 32792
 32704
 33278
 33212
 32608
 32758
 32860
 33062
 32822
 32834
 32936
 32938
 32592
 32824
 32796
 32900
 32654
 32800
 32556
 32522
 33420
 32848
 33100
 33116
 33046
 32364
 32804
 32552
 32562
 32944
 33168
 33002
 32760
 33080
 32730
 32706
 33136
 32760
 32710
 33104
 33250
 32598
 32996
 32742
 33160
 32924
 32816
 32888
 32860
 32704
 33114
 32910
 32838
 32668
 33334
 32384
 32880
 32604
 32726
 32836
 32920
 33156
 33066
 33082
 32812
 33372
 33006
 32868
 33202
 33034
 33306
 32762
 32978
 32544
 33296
 32698
 33168
 33330
 33534
 32672
 32638
 33034
 32634
 32878
 32818
 32902
 33168
 32832
 32692
 33018
 32912
 33004
 33418
 33360
 33036
 32728
 33118
 32904
 32928
 32516
 32922
 32710
 33182
 32864
 32730
 33222
 32938
 33046
 32744
 33226
 32984
 33524
 32688
 32910
 32960
 32420
 32752
 32708
 32998
 32750
 32930
 33264
 32950
 32902
 32732
 32738
 33074
 32886
 32984
 33074
 32826
 32692
 33236
 33256
 33084
 32394
 32842
 32686
 33110
 33096
 32846
 32732
 32924
 32644
 32352
 32758
 33142
 32648
 33162
 32848
 33152
 32680
 33080
 33116
 33362
 32602
 33080
 32714
 33060
 32700
 32784
 33244
 32702
 32770
 32838
 32964
 33336
 32922
 32822
 33642
 32920
 33040
 33054
 33076
 32306
 33298
 33196
 33120
 32794
 32730
 32928
 32962
 33034
 32914
 33154
 32932
 33104
 33242
 33300
 32882
 32914
 33058
 32792
 32686
 32822
 33212
 32758
 32504
 32542
 32918
 33296
 32720
 33190
 32760
 32930
 32484
 33166
 32958
 33096
 32548
 33012
 32674
 32838
 32904
 32724
 32942
 33198
 33120
 33110
 32894
 32898
 32774
 32642
 32704
 32484
 33124
 32870
 33014
 32704
 33068
 33196
 32782
 32654
 32564
 33186
 32752
 32752
 32620
 33050
 32664
 32720
 33002
 32760
 33060
 32864
 32784
 32798
 33508
 33174
 32760
 33384
 32884
 32946
 32768
 32724
 33154
 32988
 32460
 32230
 32584
 32464
 32496
 33304
 33022
 32886
 32894
 32604
 32820
 33226
 32662
 32528
 32748
 32892
 32986
 32752
 33070
 32816
 33138
 32216
 32774
 32422
 32552
 33030
 33278
 32656
 33042
 32764
 32800
 32906
 32652
 32800
 33180
 33164
 32766
 32206
 32684
 33070
 32908
 32984
 33034
 33108
 32624
 32946
 32792
 32780
 32996
 33048
 33074
 33308
 33100
 32724
 33022
 33092
 32868
 33038
 32788
 33194
 32970
 33164
 32830
 32830
 32966
 32938
 32654
 33026
 32716
 32844
 33164
 32620
 32616
 32758
 33006
 32560
 32564
 32614
 32930
 33424
 32786
 32666
 32462
 32802
 32826
 33078
 32632
 33010
 33168
 33056
 33034
 32720
 32810
 32940
 33054
 32534
 33208
 33250
 32802
 32662
 33062
 32642
 32790
 32838
 32884
 32874
 32616
 32658
 32740
 33064
 32630
 32600
