# Created by Octave 3.8.2, Fri Feb 10 13:02:12 2017 MSK <root@raidix12>
# name: y
# type: uint32 matrix
# ndims: 2
 1 6400
 28546
 29011
 30939
 26806
 24562
 22728
 16542
 20402
 20905
 24433
 24453
 24877
 28662
 24684
 26775
 22843
 27044
 30231
 24642
 22903
 24572
 26495
 24564
 28975
 24672
 28654
 30592
 26671
 22758
 26694
 20569
 16147
 28686
 26774
 30950
 20963
 28752
 22507
 31035
 22840
 22317
 20374
 28857
 25230
 24802
 28714
 24751
 24693
 28700
 20834
 24892
 20771
 23108
 28279
 24619
 28828
 24746
 20473
 20855
 28583
 29321
 30376
 24907
 26472
 24546
 26733
 27546
 28777
 22718
 31162
 28971
 28652
 33424
 22579
 30780
 26983
 24554
 27192
 32910
 24730
 26546
 20518
 24752
 24561
 24937
 18845
 24439
 22570
 32769
 24702
 26864
 26763
 25085
 29203
 22763
 22516
 26911
 26859
 26770
 20629
 28105
 20822
 26715
 26319
 26811
 30762
 24343
 24394
 28898
 18252
 20642
 26675
 22258
 30591
 31192
 28953
 28856
 28870
 26822
 26579
 24651
 24746
 29067
 24503
 30644
 20732
 16473
 29124
 26143
 24886
 24213
 24568
 29255
 27109
 22715
 24767
 28714
 27146
 24320
 30782
 22756
 26626
 24691
 25058
 29093
 18704
 26964
 22976
 16242
 29115
 22777
 32992
 28515
 24370
 22182
 18869
 24370
 26899
 30703
 26426
 26885
 26460
 28615
 24674
 20544
 22797
 26574
 22374
 24760
 26913
 26893
 22453
 20561
 28800
 26824
 24180
 22772
 24946
 24797
 28828
 26761
 24961
 22314
 27438
 30919
 24509
 26645
 22842
 24474
 20745
 28652
 24746
 26669
 26608
 18482
 22037
 31121
 22841
 22329
 28641
 24570
 20034
 26959
 31051
 32623
 30976
 27154
 24498
 26815
 22555
 20645
 26723
 32747
 26924
 30859
 28723
 24955
 24491
 26604
 27312
 26781
 27015
 28280
 22543
 26787
 26876
 26796
 24128
 28975
 18851
 24417
 18604
 16450
 29064
 22975
 18582
 27083
 20372
 26661
 24848
 22584
 26630
 20737
 16568
 20540
 24511
 30608
 24769
 26809
 26920
 20473
 22624
 28644
 26721
 18499
 26577
 28354
 26436
 31065
 30947
 30435
 24779
 26953
 28846
 24086
 30988
 30500
 31080
 31143
 26711
 20344
 26679
 26962
 27162
 22835
 26917
 24648
 28535
 24641
 20689
 22505
 33141
 18493
 22656
 20401
 24647
 24668
 24661
 32682
 22778
 20196
 22762
 26620
 20735
 26342
 26886
 20495
 28865
 20902
 24450
 16375
 26619
 26594
 28454
 24786
 26667
 22353
 26820
 26967
 22809
 18320
 29045
 22654
 24756
 22420
 29210
 28546
 29099
 24724
 26847
 29067
 24322
 27005
 26473
 29080
 22963
 30945
 23131
 24744
 24502
 26480
 28781
 22528
 20914
 28574
 28457
 26806
 30947
 26884
 26932
 28535
 22491
 28979
 24892
 22587
 26581
 22311
 26837
 18560
 26666
 26624
 28911
 22155
 26812
 22921
 30990
 26747
 26798
 24377
 24368
 23092
 24927
 24721
 22673
 22586
 24349
 26485
 20880
 33084
 26548
 26616
 27080
 26802
 31005
 26966
 30379
 25145
 29169
 30688
 20663
 26799
 26135
 24392
 26867
 24739
 24853
 26446
 26616
 25286
 28880
 26743
 22657
 28973
 24399
 26765
 28764
 24618
 28721
 25024
 22049
 20857
 24812
 30531
 22780
 22907
 24683
 27001
 20605
 32937
 24836
 24860
 30916
 22736
 24454
 22884
 26356
 30964
 26871
 24657
 18372
 27137
 24940
 25219
 26637
 22753
 20918
 26368
 29167
 22392
 28818
 26962
 22368
 16670
 26637
 24596
 26466
 30635
 22784
 26105
 27102
 20625
 28601
 22699
 32797
 22579
 24753
 18471
 30370
 31022
 28946
 30745
 16514
 30566
 20482
 22597
 24751
 26884
 26367
 28631
 24734
 22774
 26984
 20402
 28718
 23006
 24610
 28742
 26721
 20512
 22892
 30569
 30423
 22736
 22357
 28931
 28605
 28728
 18531
 28639
 22699
 26894
 26521
 22601
 26760
 28851
 26732
 29074
 28833
 28805
 26791
 20735
 26643
 26816
 19987
 24988
 32717
 26413
 28769
 20809
 31033
 20549
 24742
 22037
 31090
 26388
 20324
 29240
 24856
 18849
 24840
 24828
 30714
 24913
 26846
 22487
 20421
 24638
 24952
 28535
 22883
 26712
 29050
 27024
 30800
 26873
 22717
 28260
 26684
 26892
 28285
 28873
 24823
 26576
 24373
 26537
 29213
 20574
 18324
 27003
 30856
 26317
 24465
 22793
 29164
 18553
 24824
 24875
 20998
 26898
 24578
 28866
 26395
 24606
 20405
 24795
 24770
 26884
 28808
 24555
 30537
 24811
 24421
 22884
 18463
 24777
 20617
 22842
 26630
 28617
 28933
 22396
 31060
 28862
 24838
 30550
 30450
 27097
 24549
 24613
 24592
 28808
 28661
 22542
 26964
 25004
 22856
 26874
 24634
 22794
 18664
 28960
 28962
 23102
 27046
 26884
 26735
 30386
 22407
 20649
 24536
 24959
 26707
 24778
 25062
 18690
 22390
 30605
 28531
 29004
 24775
 27086
 25078
 26817
 28741
 24330
 26373
 33012
 26889
 24569
 26793
 28608
 24936
 29122
 26398
 28306
 20730
 28667
 21264
 24685
 22460
 18333
 26651
 22449
 28802
 27063
 26891
 26977
 22583
 26573
 22442
 26609
 24878
 28561
 30904
 22624
 22849
 24899
 26685
 22483
 24300
 26633
 26781
 18682
 26972
 24257
 24883
 24503
 28433
 28894
 22368
 22573
 20585
 28716
 26756
 26709
 24746
 26836
 24410
 26794
 24561
 26822
 22597
 24208
 23036
 27082
 22592
 24598
 28667
 29015
 30881
 20500
 28604
 22630
 22835
 24967
 25090
 29025
 24741
 29015
 27066
 28791
 24532
 23189
 24519
 26728
 25186
 28937
 27020
 30756
 26713
 32582
 22567
 18602
 20377
 22510
 26509
 24813
 29079
 33079
 31091
 26729
 22683
 16569
 24312
 27067
 20422
 22646
 28258
 24740
 26926
 28655
 25025
 27059
 26836
 24940
 25005
 26724
 24999
 27001
 28998
 26957
 28721
 26698
 28670
 27220
 28903
 28600
 28985
 22936
 20713
 26599
 28993
 24252
 26622
 28524
 22953
 18556
 22505
 20419
 26685
 31302
 28640
 22453
 30807
 20588
 24618
 28970
 27176
 22928
 26756
 29133
 28978
 26666
 20270
 22814
 17933
 26447
 24737
 26881
 26804
 24390
 26848
 21053
 24848
 22470
 26808
 27092
 23008
 18799
 23056
 31010
 22436
 28728
 22560
 22637
 26938
 28616
 20616
 25126
 26799
 28504
 20645
 24780
 28724
 26926
 28973
 26864
 26447
 24690
 24699
 16309
 21014
 24516
 26694
 24420
 28417
 22596
 18524
 26598
 28898
 26724
 24762
 26654
 24970
 31115
 26817
 27064
 26620
 28419
 24612
 30732
 22576
 22387
 26768
 20702
 26613
 24724
 22484
 26699
 26867
 30795
 30973
 25176
 30708
 20675
 27174
 30164
 33126
 27042
 16277
 20778
 24223
 24894
 22208
 26720
 22913
 20827
 28866
 20877
 30752
 22944
 20544
 20447
 19040
 24898
 28732
 27001
 24874
 30640
 26712
 26502
 24780
 26972
 24767
 30127
 24980
 28626
 22549
 24677
 24984
 30645
 24651
 22670
 30999
 26669
 26545
 22266
 24113
 24988
 30539
 26837
 22647
 25203
 20631
 24680
 26451
 30544
 28882
 20417
 22679
 25333
 28681
 20702
 24351
 28256
 24712
 26385
 24702
 26713
 30576
 20714
 22540
 24304
 26652
 20988
 27239
 24665
 20460
 26422
 30528
 24460
 31019
 26572
 24926
 24501
 24852
 20678
 16630
 26631
 31021
 26732
 30792
 22880
 22637
 24654
 24707
 22662
 28637
 26430
 28882
 27027
 22670
 24734
 18591
 20469
 26495
 24724
 26613
 32988
 26881
 22074
 30858
 24599
 18131
 24864
 24767
 24890
 31193
 26513
 14459
 26793
 28419
 24485
 22934
 28356
 26849
 24798
 22672
 24980
 24668
 28914
 29106
 28909
 22817
 28625
 28908
 28311
 33300
 24684
 22830
 22719
 26638
 28530
 28781
 20645
 26637
 26702
 24885
 30704
 30621
 31159
 24645
 24879
 29272
 26991
 28302
 18252
 16468
 28782
 24559
 16439
 26975
 24313
 25056
 22905
 28849
 26602
 28716
 30971
 26734
 26564
 26884
 24654
 20621
 32908
 30662
 22107
 28473
 26567
 24757
 22859
 24505
 26629
 23364
 28839
 24756
 30527
 32825
 20479
 26813
 24646
 26767
 27012
 20613
 30582
 16477
 26794
 24415
 27137
 25076
 22625
 31032
 30657
 22822
 32739
 24858
 26583
 26565
 24373
 20336
 20893
 24772
 25393
 26828
 24800
 26868
 26690
 30471
 20701
 20692
 24833
 32624
 29006
 24713
 26747
 26424
 26213
 24637
 22394
 24552
 26960
 23034
 30804
 22904
 26581
 28465
 28625
 31228
 30591
 28802
 22928
 31205
 22571
 24948
 26664
 22438
 25226
 26751
 30797
 27299
 16412
 24944
 20666
 31139
 22368
 20656
 22757
 28848
 24680
 26987
 22654
 26847
 24542
 26868
 24615
 20512
 30570
 18625
 26471
 28790
 26978
 18533
 24598
 24725
 16423
 22585
 30520
 18519
 24703
 28508
 31021
 24548
 20474
 20637
 22408
 28546
 28682
 27224
 28591
 24757
 28801
 26331
 18409
 16365
 29045
